0.947449266910553	973.5149533748627
0.952366292476654	1014.9197409152985
0.9548632502555847	1089.3801438808441
0.9565534591674805	1110.5507271289825
0.956322968006134	1140.509124994278
0.9431084990501404	1203.9270040988922
0.9559004306793213	1717.9212362766266
0.9540565609931946	1779.9722638130188
0.9590888023376465	1849.725483417511
0.9596266150474548	1957.2415058612823
0.957744300365448	1995.4554796218872
0.9459127187728882	2073.1573882102966
0.9540565609931946	2538.037974834442
0.9570912718772888	2605.12567281723
0.9571681022644043	2687.8994772434235
0.9600107669830322	2771.2098054885864
0.955208957195282	2860.6066365242004
0.9413414001464844	3001.6685557365417
0.9572064876556396	3227.222914457321
0.9555162787437439	3391.282993078232
0.956322968006134	3610.757854938507
0.956822395324707	3696.12731051445
0.9573601484298706	3813.9553351402283
0.9488322138786316	4085.393429994583
0.9530962109565735	4139.577399969101
0.9534035325050354	4343.076857328415
0.9601644277572632	4262.424715518951
0.9552474021911621	4553.039789199829
0.9566687345504761	4958.496856927872
0.9341195225715637	5228.074770927429
